[EDITOR_RFRA1025]
ACTIVE_GRID=0
GRID_VISIBILITY=0
INITIAL_X_POS=-17
INITIAL_Y_POS=-65
WINDOW_PLACEMENT=2C0000000000000001000000FFFFFFFFFFFFFFFFFCFFFFFFE2FFFFFF2C0000003A0000007C0400005C02000041
ZOOM=100
PREVIEW=0
PREVIEW_RECT=000000000000000048030000A4040000F3
PREVIEW_AUTO=0
PREVIEW_FACTOR=4.000000
DISPLAY_DETAIL_ITEM=1
SEARCH_ITEM=1
RESTORE_FILE=1
RESTORE_ITEM=1
FILE_SUBSCRIPTION=0
LINK_ATTACHED_KEY=1
LOADONOPEN=2
DB_SYNCHRO_FREQUENCY=604800
[EDITOR_DANONE-KID]
SEARCH_ITEM=1
ACTIVE_GRID=0
GRID_VISIBILITY=0
INITIAL_X_POS=-32
INITIAL_Y_POS=-164
WINDOW_PLACEMENT=2C0000000000000001000000FFFFFFFFFFFFFFFFF8FFFFFFE2FFFFFF64000000640000008F0400001202000068
ZOOM=100
PREVIEW=0
PREVIEW_RECT=3600000033FEFFFF7E030000D7020000BF
PREVIEW_AUTO=0
PREVIEW_FACTOR=4.000000
